EntropicMoment momento - q=2.750 -ani
------------------------------------------------------------------------------------------------------------------------------------------------------------------------------------------------------------------------------------------------------
Z         | Q          | q         | space    | EntropicMoment_average | EntropicMoment_mono | EntropicMoment_product | EntropicMoment_two | integration_error_average | integration_error_mono | integration_error_product | integration_error_two
------------------------------------------------------------------------------------------------------------------------------------------------------------------------------------------------------------------------------------------------------
3.000e+00 | -1.000e+00 | 2.750e+00 | momentum | 1.937e+02              | 1.788e+01           | 3.196e+02              | 1.049e+02          | 4.402e-04                 | 8.230e-12              | 6.773e-23                 | 3.845e-04            
5.000e+00 | -1.000e+00 | 2.750e+00 | momentum | 8.509e-03              | 9.942e-02           | 9.885e-03              | 7.261e-03          | 1.471e-06                 | 8.323e-11              | 6.927e-21                 | 1.286e-06            
6.000e+00 | -1.000e+00 | 2.750e+00 | momentum | 3.690e-04              | 2.047e-02           | 4.189e-04              | 3.232e-04          | 1.080e-06                 | 3.868e-12              | 1.496e-23                 | 1.435e-06            
7.000e+00 | -1.000e+00 | 2.750e+00 | momentum | 5.109e-05              | 7.482e-03           | 5.599e-05              | 4.649e-05          | 5.825e-07                 | 1.939e-11              | 3.758e-22                 | 5.244e-07            
8.000e+00 | -1.000e+00 | 2.750e+00 | momentum | 8.698e-06              | 3.058e-03           | 9.352e-06              | 8.076e-06          | 8.672e-09                 | 1.207e-10              | 1.457e-20                 | 8.346e-09            
9.000e+00 | -1.000e+00 | 2.750e+00 | momentum | 1.816e-06              | 1.389e-03           | 1.928e-06              | 1.708e-06          | 1.052e-09                 | 2.864e-11              | 8.201e-22                 | 1.027e-09            
1.100e+01 | -1.000e+00 | 2.750e+00 | momentum | 6.896e-01              | 1.183e+00           | 1.400e+00              | 2.652e-01          | 7.424e-06                 | 2.474e-11              | 6.122e-22                 | 2.857e-06            
1.300e+01 | -1.000e+00 | 2.750e+00 | momentum | 1.141e-03              | 3.880e-02           | 1.505e-03              | 8.390e-04          | 1.262e-06                 | 9.154e-11              | 8.380e-21                 | 1.082e-06            
1.400e+01 | -1.000e+00 | 2.750e+00 | momentum | 1.331e-04              | 1.285e-02           | 1.652e-04              | 1.054e-04          | 1.092e-06                 | 1.455e-10              | 2.117e-20                 | 1.203e-06            
1.500e+01 | -1.000e+00 | 2.750e+00 | momentum | 4.004e-05              | 6.884e-03           | 4.738e-05              | 3.347e-05          | 1.241e-06                 | 7.917e-11              | 6.267e-21                 | 1.072e-06            
1.600e+01 | -1.000e+00 | 2.750e+00 | momentum | 1.289e-05              | 3.846e-03           | 1.479e-05              | 1.116e-05          | 2.822e-07                 | 8.821e-11              | 7.780e-21                 | 1.047e-06            
1.700e+01 | -1.000e+00 | 2.750e+00 | momentum | 4.596e-06              | 2.270e-03           | 5.154e-06              | 4.078e-06          | 6.195e-09                 | 2.612e-11              | 6.822e-22                 | 5.451e-09            
1.900e+01 | -1.000e+00 | 2.750e+00 | momentum | 2.410e-01              | 7.109e-01           | 5.053e-01              | 8.734e-02          | 1.451e-06                 | 1.237e-10              | 1.531e-20                 | 1.461e-06            
2.100e+01 | -1.000e+00 | 2.750e+00 | momentum | 1.306e-02              | 1.656e-01           | 2.743e-02              | 4.730e-03          | 1.417e-06                 | 4.142e-11              | 1.715e-21                 | 1.486e-06            
2.200e+01 | -1.000e+00 | 2.750e+00 | momentum | 8.828e-03              | 1.364e-01           | 1.860e-02              | 3.176e-03          | 1.416e-06                 | 5.533e-11              | 3.061e-21                 | 1.475e-06            
2.300e+01 | -1.000e+00 | 2.750e+00 | momentum | 5.469e-03              | 1.075e-01           | 1.155e-02              | 1.958e-03          | 1.479e-06                 | 3.136e-11              | 9.836e-22                 | 1.485e-06            
2.400e+01 | -1.000e+00 | 2.750e+00 | momentum | 3.634e-03              | 8.771e-02           | 7.693e-03              | 1.296e-03          | 1.469e-06                 | 1.200e-11              | 1.440e-22                 | 1.274e-06            
2.500e+01 | -1.000e+00 | 2.750e+00 | momentum | 1.863e-03              | 6.284e-02           | 3.949e-03              | 6.626e-04          | 1.396e-06                 | 8.189e-12              | 6.706e-23                 | 1.465e-06            
2.600e+01 | -1.000e+00 | 2.750e+00 | momentum | 1.088e-03              | 4.805e-02           | 2.309e-03              | 3.858e-04          | 1.379e-06                 | 6.386e-12              | 4.078e-23                 | 1.476e-06            
2.700e+01 | -1.000e+00 | 2.750e+00 | momentum | 6.660e-04              | 3.762e-02           | 1.416e-03              | 2.356e-04          | 1.461e-06                 | 3.220e-12              | 1.037e-23                 | 1.340e-06            
2.800e+01 | -1.000e+00 | 2.750e+00 | momentum | 4.232e-04              | 3.001e-02           | 9.007e-04              | 1.493e-04          | 1.362e-06                 | 1.267e-12              | 1.605e-24                 | 1.473e-06            
2.900e+01 | -1.000e+00 | 2.750e+00 | momentum | 2.861e-04              | 2.469e-02           | 6.098e-04              | 1.007e-04          | 1.291e-06                 | 1.341e-12              | 1.798e-24                 | 1.329e-06            
3.100e+01 | -1.000e+00 | 2.750e+00 | momentum | 9.324e-06              | 3.596e-03           | 1.293e-05              | 6.438e-06          | 1.041e-06                 | 1.685e-11              | 2.838e-22                 | 1.257e-06            
3.200e+01 | -1.000e+00 | 2.750e+00 | momentum | 1.952e-06              | 1.589e-03           | 2.524e-06              | 1.471e-06          | 5.582e-07                 | 5.503e-11              | 3.028e-21                 | 4.428e-07            
3.300e+01 | -1.000e+00 | 2.750e+00 | momentum | 1.029e-06              | 1.125e-03           | 1.266e-06              | 8.222e-07          | 9.935e-08                 | 1.288e-11              | 1.658e-22                 | 8.338e-08            
3.400e+01 | -1.000e+00 | 2.750e+00 | momentum | 5.393e-07              | 8.011e-04           | 6.417e-07              | 4.482e-07          | 2.136e-08                 | 2.582e-11              | 6.668e-22                 | 2.046e-08            
3.500e+01 | -1.000e+00 | 2.750e+00 | momentum | 2.957e-07              | 5.857e-04           | 3.430e-07              | 2.528e-07          | 4.377e-09                 | 1.342e-11              | 1.801e-22                 | 4.146e-09            
3.700e+01 | -1.000e+00 | 2.750e+00 | momentum | 1.219e-02              | 1.617e-01           | 2.614e-02              | 4.244e-03          | 1.419e-06                 | 1.227e-10              | 1.504e-20                 | 1.392e-06            
4.100e+01 | -1.000e+00 | 2.750e+00 | momentum | 2.398e-04              | 2.263e-02           | 5.120e-04              | 8.477e-05          | 1.172e-06                 | 6.480e-12              | 4.200e-23                 | 9.728e-07            
3.900e+01 | -1.000e+00 | 2.750e+00 | momentum | 2.213e-04              | 1.880e-02           | 3.536e-04              | 1.261e-04          | 1.137e-06                 | 1.077e-10              | 1.160e-20                 | 1.100e-06            
4.000e+01 | -1.000e+00 | 2.750e+00 | momentum | 3.197e-04              | 2.610e-02           | 6.811e-04              | 1.135e-04          | 1.488e-06                 | 4.200e-11              | 1.764e-21                 | 1.245e-06            
4.300e+01 | -1.000e+00 | 2.750e+00 | momentum | 1.188e-04              | 1.594e-02           | 2.541e-04              | 4.182e-05          | 1.182e-06                 | 7.773e-11              | 6.042e-21                 | 1.363e-06            
4.200e+01 | -1.000e+00 | 2.750e+00 | momentum | 1.941e-04              | 2.037e-02           | 4.151e-04              | 6.828e-05          | 1.480e-06                 | 1.486e-11              | 2.208e-22                 | 1.448e-06            
4.400e+01 | -1.000e+00 | 2.750e+00 | momentum | 8.386e-05              | 1.340e-02           | 1.795e-04              | 2.949e-05          | 1.360e-06                 | 3.110e-11              | 9.672e-22                 | 1.466e-06            
4.900e+01 | -1.000e+00 | 2.750e+00 | momentum | 1.732e-06              | 1.556e-03           | 2.422e-06              | 1.184e-06          | 4.513e-07                 | 6.749e-12              | 4.555e-23                 | 3.158e-07            
4.500e+01 | -1.000e+00 | 2.750e+00 | momentum | 6.243e-05              | 1.157e-02           | 1.338e-04              | 2.191e-05          | 1.428e-06                 | 4.498e-11              | 2.023e-21                 | 1.477e-06            
4.600e+01 | -1.000e+00 | 2.750e+00 | momentum | 4.812e-05              | 1.016e-02           | 1.032e-04              | 1.686e-05          | 1.436e-06                 | 1.264e-10              | 1.597e-20                 | 1.251e-06            
5.000e+01 | -1.000e+00 | 2.750e+00 | momentum | 5.404e-07              | 8.411e-04           | 7.074e-07              | 4.018e-07          | 8.728e-07                 | 3.703e-11              | 1.371e-21                 | 6.734e-07            
4.700e+01 | -1.000e+00 | 2.750e+00 | momentum | 3.920e-05              | 9.173e-03           | 8.414e-05              | 1.370e-05          | 1.430e-06                 | 6.553e-11              | 4.294e-21                 | 1.293e-06            
5.100e+01 | -1.000e+00 | 2.750e+00 | momentum | 3.558e-07              | 6.656e-04           | 4.430e-07              | 2.808e-07          | 9.506e-08                 | 4.867e-11              | 2.368e-21                 | 7.895e-08            
5.200e+01 | -1.000e+00 | 2.750e+00 | momentum | 2.277e-07              | 5.233e-04           | 2.739e-07              | 1.870e-07          | 1.015e-08                 | 2.452e-11              | 6.010e-22                 | 9.567e-09            
5.300e+01 | -1.000e+00 | 2.750e+00 | momentum | 1.492e-07              | 4.182e-04           | 1.749e-07              | 1.261e-07          | 9.101e-09                 | 8.446e-11              | 7.134e-21                 | 8.041e-09            

